265.7052103
171.7725013
135.6146238
115.405687
102.1262061
92.56640279
85.26855775
79.464881
74.70821163
70.71842062
67.31001498
61.76052594
57.40100159
53.86019407
50.91094711
47.28637488
43.49147662
41.1888254
38.06666735
35.57874267
33.53681385
31.2100151
29.08645063
27.36378692
25.60890628
23.91630177
22.43975344
21.06052921
19.72851392
18.53899681
17.43643842
16.39673171
15.44067599
14.57521251
13.76351392
13.02086216
12.34058181
11.71878486
11.15268163
10.6340512
10.16363102
9.733376903
9.348244412
8.997339655
8.683116617
8.401247688
8.150251158
7.926902258
7.729186694
7.555095721
7.403501767
7.272041941
7.159447412
7.064192286
6.985448685
6.921919694
6.872821752
6.837507955
6.815572682
6.806687088
6.810771974
6.827929552
6.858429601
6.902801491
6.961694712
7.036041688
7.126922423
7.235679482
7.363898937
7.51337628
7.686159386
7.884589595
8.111282272
8.369157604
8.661519909
8.992050368
9.364800378
9.784412453
10.25605236
10.78554684
11.37956064
12.04565132
12.7924666
13.63000052
14.56969483
15.62488225
16.81092666
18.1457137
19.65002631
21.34797633
23.26761811
25.44147426
27.90734587
