303.6784434
211.4877932
171.8036212
148.4167764
132.557183
120.8973357
111.860977
104.5923901
98.58166665
93.50357199
89.13959309
81.98437357
76.32110594
71.69466607
67.82322573
63.043319
58.01312692
54.94817997
50.77693888
47.44003597
44.69241329
41.55120575
38.6741862
36.3325538
33.93924772
31.62243012
29.59362762
27.69104738
25.84556268
24.18964921
22.64692408
21.18386301
19.82999555
18.59593306
17.42968608
16.35357068
15.35860993
14.43983489
13.59393898
12.80942878
12.08826314
11.41897778
10.81032393
10.24616949
9.731478547
9.260353182
8.831491394
8.440554431
8.085113456
7.762609367
7.472001947
7.209737974
6.974129167
6.762723735
6.574360649
6.406527915
6.25756139
6.125781727
6.009901866
5.908292953
5.819781328
5.743108312
5.6773057
5.621356327
5.574508488
5.536030562
5.505353504
5.48199366
5.465580747
5.455857663
5.452669335
5.455964006
5.46579451
5.482316834
5.505794751
5.536599281
5.575203438
5.622200044
5.678289983
5.74428789
5.821131984
5.909875075
6.011688778
6.127871652
6.259830278
6.40910143
6.577325268
6.766260479
6.97777552
7.213839675
7.476531083
7.768023491
8.090602134
