0.04925659734
0.0265676914
0.01892036308
0.01504486928
0.01268481547
0.01108672086
0.009926864937
0.009042885519
0.008344252106
0.007776422245
0.007304529755
0.006562230239
0.006001606825
0.005560687268
0.005203164709
0.004775687037
0.004341891951
0.0040853781
0.003745447308
0.003480903025
0.003267877623
0.003029538476
0.002816038568
0.002645625386
0.002474568285
0.002312014835
0.002172181275
0.002043256527
0.001920344526
0.001811967466
0.001712744905
0.001620335311
0.001536427033
0.001461425434
0.001391984478
0.0013292892
0.001272634317
0.001221565782
0.001175728746
0.001134344192
0.001097364243
0.00106405725
0.00103470807
0.00100839482
0.0009852221303
0.0009647929312
0.0009469312413
0.0009313469827
0.0009178486172
0.0009062556377
0.0008964550635
0.0008882628053
0.0008815758436
0.000876285088
0.0008723295577
0.0008696324499
0.0008681546154
0.0008678740793
0.0008687859989
0.0008709049423
0.0008742612071
0.0008789092201
0.0008849135039
0.0008923709955
0.0009013827445
0.0009120819972
0.0009246116267
0.0009391402923
0.000955857838
0.0009749694233
0.0009966993869
0.001021293926
0.001049015636
0.001080143821
0.001114979704
0.001153840169
0.001197050983
0.001244965183
0.001297946209
0.001356373523
0.001420650151
0.001491194494
0.001568445523
0.001652870767
0.00174495541
0.001845222364
0.001954218276
0.002072529393
0.002200781117
0.002339638265
0.002489815312
0.002652073454
0.002827233696
