0.002503380184
0.005006760367
0.007510140551
0.01001352073
0.01251690092
0.0150202811
0.01752366129
0.02002704147
0.02253042165
0.02503380184
0.02753718202
0.03254394239
0.03755070275
0.04255746312
0.04756422349
0.05507436404
0.06508788478
0.07259802533
0.08511492624
0.09763182716
0.1101487281
0.1276723894
0.1476994308
0.1677264723
0.1927602741
0.2228008363
0.2553447787
0.2928954815
0.3379563248
0.3880239285
0.4456016727
0.5131929377
0.5907977233
0.6784160298
0.7810546173
0.8987134859
1.033896016
1.189105587
1.36684558
1.572122755
1.807440493
2.080308933
2.390728075
2.751214822
3.164272552
3.639914787
4.185651667
4.814000093
5.537476966
6.371102567
7.327393798
8.428881078
9.695591451
11.1550621
12.82982344
14.75742618
16.97542103
19.52886881
22.46283039
25.83989026
29.72263292
34.19116655
39.32810269
45.24108668
52.04026726
59.86333033
68.86047871
79.20945239
91.11552854
104.8115215
120.565293
138.6872622
159.532909
183.5102844
211.0925272
242.8228711
279.3196508
321.3038398
369.5990503
425.15156
489.0553459
562.5646016
647.1212741
744.3901111
856.2761851
984.9824704
1133.032375
1303.334825
1499.236841
1724.583615
1983.803627
2281.983744
2624.984379
