0.1625442296
0.08135916355
0.05430010179
0.04077253452
0.03265755958
0.02724887607
0.02338664062
0.02049093143
0.0182395696
0.01643924771
0.01496695186
0.01270363455
0.01104587873
0.009779939527
0.008782069261
0.007627933921
0.006507252749
0.005872167634
0.00506677185
0.004472145197
0.004016297333
0.003533312048
0.003127548962
0.00282384849
0.002538792472
0.002287983864
0.00208926383
0.001921111003
0.001775181095
0.001658819657
0.001562852887
0.001482834866
0.001418129491
0.001366723313
0.001324498279
0.001290731268
0.00126368024
0.001242022474
0.00122470337
0.001210721327
0.001199501867
0.001190384646
0.001183096797
0.001177135896
0.001172321483
0.001168407166
0.001165235069
0.001162658707
0.00116057498
0.001158901595
0.001157580372
0.001156554788
0.001155788436
0.001155251231
0.001154923769
0.001154789892
0.001154841088
0.001155073905
0.001155488662
0.001156091192
0.001156890334
0.001157900601
0.001159138906
0.001160629547
0.001162398619
0.001164480074
0.001166911711
0.001169738919
0.001173014484
0.001176798264
0.001181158864
0.001186175234
0.001191936747
0.001198544495
0.00120611375
0.001214774069
0.001224669094
0.001235962068
0.001248833319
0.001263482606
0.00128013198
0.001299024473
0.001320425761
0.001344626493
0.001371938928
0.001402702075
0.001437276582
0.0014760482
0.001519426205
0.001567841678
0.001621749143
0.001681623748
0.001747964328
