165.6793766
166.7410195
160.1361487
156.0770028
146.2699966
130.0388052
111.18475
94.58944398
83.56011378
76.95753299
72.43373292
67.23803598
68.79909088
65.62648596
57.077689
50.65184298
46.34580408
39.66233935
32.10031932
33.07571063
28.34514157
28.10932558
28.04248914
24.06207446
21.45361643
20.59712382
20.44482946
18.18116764
17.74655618
16.04853259
15.61213814
14.42424435
13.8085479
13.07071703
12.60198675
11.94427995
11.51297773
11.05377415
10.63921479
10.27367355
9.891224475
9.5844192
9.302114594
9.032474086
8.742996783
8.473773162
8.230394319
8.027041896
7.869377364
7.748176138
7.653292356
7.573539442
7.49330682
7.40932368
7.304937313
7.17948242
7.037579903
6.888373139
6.74379566
6.629733304
6.563165069
6.54988331
6.598727725
6.72174113
6.900643259
7.122884993
7.38202695
7.656300238
7.887553618
8.071820812
8.224695935
8.334977136
8.401393681
8.460777001
8.533592574
8.643293095
8.867153745
9.174846443
9.557656596
10.06466525
10.7328038
11.5425448
12.46466918
13.50299586
14.6734894
16.07286615
17.69174389
19.57761213
21.59001582
23.38820902
24.56314193
24.4711108
23.77159608
