0.03015682863
0.02424892868
0.01966732634
0.01846829854
0.01713355879
0.01510415077
0.01229708516
0.009964996144
0.008721507311
0.008424770025
0.007936635904
0.007297572047
0.007559981694
0.006916542194
0.005650244203
0.004596014197
0.004353875699
0.003580794268
0.002700742176
0.002744932668
0.002174151387
0.002334521884
0.002431095408
0.001915746881
0.001591250002
0.001544653965
0.001673351452
0.001416628317
0.001454121257
0.001290259785
0.001326848042
0.001229898197
0.001215994053
0.00118862973
0.001191337708
0.001171478092
0.001182047854
0.001185777426
0.001195786772
0.00120965546
0.001220903831
0.001240248446
0.001260612023
0.001285010719
0.001306934599
0.001327314607
0.001345571914
0.001361377792
0.001374073093
0.001383163106
0.001389788195
0.001395298323
0.001398562849
0.001401708929
0.001407628143
0.001414237033
0.001417563964
0.001415739011
0.001408518358
0.001397512723
0.001387558068
0.001376263266
0.001359344746
0.001335658731
0.001305887388
0.001268675398
0.001233558805
0.001204472084
0.001176357183
0.001148598746
0.001122413329
0.00108901406
0.001052242681
0.001026661834
0.001006539599
0.0009953007741
0.001005516815
0.001030292313
0.001070948246
0.001115481015
0.001163256927
0.001207029851
0.001246074918
0.001265819394
0.001256214649
0.001202763178
0.001113040651
0.0009842999309
0.0008256023673
0.0006038420202
0.0004681530148
0.0004215335019
0.000261141066
