0.01803857928
0.01559671061
0.01964580964
0.02162410872
0.02185860517
0.02078713398
0.01916852415
0.01807822794
0.01756596621
0.01757189886
0.01748587527
0.01721461526
0.01709082019
0.01619814752
0.01445823862
0.01207084743
0.009196664249
0.006792957454
0.004010353279
0.003822335273
0.002744632114
0.003869949398
0.004917385817
0.003369027284
0.001873540507
0.002068919886
0.002871078226
0.0015631434
0.00212339776
0.001323430341
0.001821146297
0.00121183883
0.001178683049
0.001169242229
0.001153217256
0.001079339246
0.001158077793
0.001090142898
0.001136102696
0.001124571165
0.001102011435
0.001124811843
0.00113836207
0.001179833818
0.001193641102
0.00120857666
0.001220884464
0.001235491014
0.001249476535
0.001258605625
0.001263677772
0.001270067115
0.001275715396
0.001283876468
0.001293284043
0.001304735139
0.001313492484
0.001316781586
0.00131466432
0.001308229116
0.001301678311
0.001292458167
0.001277812986
0.001256352247
0.001229112143
0.001200269997
0.001182778455
0.001178086332
0.001182051457
0.001193852329
0.001205215879
0.001205754073
0.001207201217
0.001216740775
0.001232703921
0.001256699727
0.001295719026
0.001335795084
0.001372866358
0.001390918815
0.001406319028
0.001439957637
0.001479691467
0.001506191592
0.001501583078
0.001471908786
0.001462081229
0.001479808431
0.001459105623
0.001372797874
0.001322859769
0.001339212204
0.001478849084
