88.06316546
85.60044815
77.28579794
71.32738401
66.90639534
63.21773501
59.96118859
56.9909373
54.26878514
51.78321142
49.54425262
45.83913309
43.00582896
40.70695764
38.78581241
36.48276075
33.90016994
32.18307479
29.92242174
28.24548705
26.76462382
25.11055484
23.67375856
22.44574518
21.19710861
20.01015606
18.95488053
17.93721659
16.98432996
16.10054804
15.29446607
14.53438191
13.84038529
13.223015
12.66013007
12.15870451
11.70684105
11.28198675
10.88423896
10.5170005
10.16244957
9.823588735
9.513986679
9.217187329
8.938556369
8.675866995
8.417399817
8.177066375
7.961534509
7.763265851
7.591729631
7.435110438
7.271164077
7.102425877
6.946657982
6.814388051
6.713270697
6.619575137
6.529670494
6.429996452
6.316714588
6.209144493
6.139314061
6.088359183
6.034512304
5.981528307
5.917536563
5.866243534
5.842618581
5.842286527
5.849550642
5.848506202
5.813603875
5.761441099
5.662157148
5.51436686
5.314596476
5.085486584
4.84692873
4.641781676
4.571132426
4.703078959
4.971799408
5.197408496
5.519098436
6.079016009
6.855463195
7.599261258
8.284970722
8.681990566
8.752584911
8.058618662
6.624233466
