162.2214951
158.1814475
146.6633906
144.8446435
143.3574962
139.6600316
135.2502147
131.9322772
130.8272347
130.5274961
129.8431237
126.2471143
122.0967733
114.8175991
104.5052238
89.0176295
68.93785841
54.71804551
41.17948357
37.9796449
33.7232708
36.75604101
41.60406189
33.43922299
26.57042024
26.53735698
29.1359376
23.23962021
24.56984391
21.09401842
21.99350217
19.00541638
17.94487166
17.06540615
16.0282934
14.92082727
14.33338956
13.21257926
12.5980221
11.73326137
10.85792022
10.19996047
9.555674303
9.148237467
8.642693102
8.232747969
7.868300743
7.586151515
7.37024765
7.153234078
6.906113677
6.691546225
6.486155709
6.281483798
6.074559409
5.901121841
5.752088377
5.633940079
5.587149752
5.594771222
5.621419771
5.671144653
5.734105488
5.797529655
5.848125252
5.92064577
5.982906184
6.047285206
6.099031476
6.165695727
6.257092098
6.380277253
6.540033458
6.713629631
6.886113208
7.071497642
7.253163332
7.343524935
7.2994222
7.13422726
6.897039258
6.691137462
6.548318962
6.471702555
6.427699766
6.163958992
5.831396124
5.90102181
5.671215619
5.694522252
6.037023196
6.494641851
6.23803229
