0.02264002597
0.02845233492
0.03335360604
0.03600298783
0.03496001693
0.03079138789
0.02484726996
0.01905052982
0.01477553341
0.01216984936
0.01020295446
0.008056452413
0.01054164257
0.01021219802
0.006434001022
0.005286001015
0.006918885139
0.005248874275
0.002363330318
0.004977249792
0.002420625338
0.00300372758
0.003202524703
0.001779470898
0.001466027376
0.001723055935
0.001940826412
0.001622842216
0.001661014066
0.001256349303
0.001228514333
0.001159132447
0.00122889658
0.001057294458
0.001173178047
0.001050955285
0.001043753946
0.001082009651
0.001038885709
0.001073569073
0.001064030478
0.001082921441
0.001109493863
0.001132752332
0.001148775087
0.001163458618
0.001180330463
0.001194370147
0.001205859728
0.001214685987
0.001221651566
0.001227129812
0.001231664365
0.001236645791
0.001243818306
0.001250758633
0.001253963755
0.00125160773
0.001244195374
0.001234358923
0.001226314612
0.001218556018
0.001206703924
0.001188723339
0.001163995071
0.00113089625
0.001096947107
0.001067233021
0.001038618807
0.001010902618
0.000986686683
0.0009588125927
0.0009289391279
0.0009106682627
0.0009012149405
0.0009035706456
0.0009291636049
0.0009723141046
0.001032267082
0.001100201587
0.001179994882
0.001264740346
0.001355787947
0.00144237358
0.001520710237
0.001589186775
0.001643584766
0.001657743031
0.00166735994
0.001669434539
0.001745739614
0.001889418212
0.002090123055
