172.5255828
122.0639577
99.72188623
86.41109357
77.3325974
70.63497471
65.43256374
61.2414154
57.77180455
54.83828732
52.31593059
48.17820486
44.90219188
42.22585814
39.98663116
37.22298779
34.31679257
32.54764893
30.14272916
28.22191657
26.64297322
24.84158853
23.19610361
21.860705
20.50027383
19.18855675
18.04508494
16.97810281
15.94912742
15.031903
14.18356335
13.38562048
12.65403421
11.99393469
11.37707733
10.81492685
10.30216852
9.835583073
9.412750461
9.027196393
8.679117143
8.362197118
8.079698966
7.823241524
7.594243464
7.389172532
7.206590682
7.043810708
6.899042362
6.770512279
6.657114898
6.556833723
6.468466452
6.390598797
6.322366278
6.26247988
6.210026223
6.164143377
6.12415587
6.089313467
6.059060272
6.032842061
6.010229369
5.990796255
5.97422453
5.960215868
5.948539716
5.93900482
5.931469125
5.925841889
5.922082451
5.920205101
5.920287285
5.922479072
5.927017942
5.934248004
5.944643331
5.958845211
5.97770196
6.002324906
6.034161873
6.075081701
6.127483814
6.19443406
6.279809217
6.388486581
6.526518814
6.701340576
6.921948452
7.199046569
7.545162791
7.974685449
8.503892759
