0.1372147447
0.06861406741
0.0457501495
0.03432042035
0.02746436548
0.02289514644
0.01963268939
0.01718695716
0.01528570671
0.01376559205
0.01252266556
0.01061250545
0.009214063075
0.008146721061
0.007305910141
0.006334269208
0.005392123493
0.004859109653
0.004184607898
0.00368818678
0.003308990549
0.00290914809
0.00257552105
0.002327843822
0.002097678274
0.001897816031
0.001741970687
0.001612518214
0.00150263594
0.001417226062
0.001348741142
0.001293402097
0.001250170889
0.001217067303
0.001190926348
0.001170888658
0.001155542433
0.00114382924
0.001134925412
0.001128113942
0.001122951881
0.001119003517
0.001116042125
0.00111377581
0.001112067795
0.001110774113
0.001109798132
0.001109059599
0.001108501568
0.001108080518
0.001107764996
0.00110752859
0.001107353194
0.00110722471
0.001107133432
0.001107071723
0.00110703472
0.001107019454
0.001107024655
0.001107050629
0.00110709929
0.001107174398
0.001107281635
0.001107429435
0.001107629108
0.001107896281
0.001108251613
0.001108722783
0.001109346573
0.001110171498
0.001111261626
0.001112701638
0.001114602974
0.001117112089
0.001120421632
0.00112478381
0.001130526739
0.001138078286
0.001147990523
0.001160971619
0.001177923816
0.001199981525
0.001228553025
0.00126536177
0.001312472544
0.001372318974
0.001447700258
0.001541780374
0.001658073291
0.001800432243
0.001973067099
0.002180577549
0.002428037565
